      0 10.9873 11.5828 10.4032 12.1048 2.69971 2.63815 8.68093 10.6113 11.5876 4.16715 6.39973 4.57662 7.82105 10.7247 6.42889 10.8618 3.32116
10.9873       0 10.7334 3.29551 3.31986 10.5721 8.77143 2.70759 9.40555 4.34818 7.94792 6.35991 7.86461  5.4046 5.18891 8.40484 2.02916 8.36335
11.5828 10.7334       0 12.2315 10.1026 3.48096 12.8079 11.0277 1.02785 10.4459 12.2563 3.11007 4.66496 11.5772 7.99481 4.92572 7.99595 8.63811
10.4032 3.29551 12.2315       0 12.1313 10.5338 7.25155 5.40167 12.1727 12.5127  6.1632  6.5992 11.6336 6.84295 2.67212  7.3486 4.87037  10.959
12.1048 3.31986 10.1026 12.1313       0 10.4071 12.3788 5.22364 7.98835 1.25238 12.3287 8.14071 5.47252 8.10315 11.8638 11.0461 4.54587 7.40971
2.69971 10.5721 3.48096 10.5338 10.4071       0 5.30275 8.92208 3.64972 10.1242 6.05629 2.68227 2.19244 8.29111 8.14107 3.37793 8.70198 3.51343
2.63815 8.77143 12.8079 7.25155 12.3788 5.30275       0 10.6255 12.1829  12.719  6.6587 5.40089 7.79523 3.75676 10.8451 8.49036 8.24245 5.19001
8.68093 2.70759 11.0277 5.40167 5.22364 8.92208 10.6255       0 11.2059 3.68184 4.49838 9.16309 5.50092 11.0777 4.76189 7.73395 5.90538 6.08404
10.6113 9.40555 1.02785 12.1727 7.98835 3.64972 12.1829 11.2059       0 9.95455 12.4613 2.21219 4.71032 9.06239 8.55024 4.54829 6.59775 8.90187
11.5876 4.34818 10.4459 12.5127 1.25238 10.1242  12.719 3.68184 9.95455       0 11.4488 9.79412 4.23241 11.5715 11.6872 10.7577 6.65171 6.51171
4.16715 7.94792 12.2563  6.1632 12.3287 6.05629  6.6587 4.49838 12.4613 11.4488       0 9.70516 6.44379 10.8847 6.22464 6.91303 8.24424 6.89958
6.39973 6.35991 3.11007  6.5992 8.14071 2.68227 5.40089 9.16309 2.21219 9.79412 9.70516       0 5.08493 3.86226 6.00474 3.69609 4.93315 5.71392
4.57662 7.86461 4.66496 11.6336 5.47252 2.19244 7.79523 5.50092 4.71032 4.23241 6.44379 5.08493       0 10.2895 9.90265 5.21922 7.20248 3.14156
7.82105  5.4046 11.5772 6.84295 8.10315 8.29111 3.75676 11.0777 9.06239 11.5715 10.8847 3.86226 10.2895       0 10.7734  10.557 4.24796 7.51321
10.7247 5.18891 7.99481 2.67212 11.8638 8.14107 10.8451 4.76189 8.55024 11.6872 6.22464 6.00474 9.90265 10.7734       0 3.93711 7.05412 10.7883
6.42889 8.40484 4.92572  7.3486 11.0461 3.37793 8.49036 7.73395 4.54829 10.7577 6.91303 3.69609 5.21922  10.557 3.93711       0 9.13859 9.11101
10.8618 2.02916 7.99595 4.87037 4.54587 8.70198 8.24245 5.90538 6.59775 6.65171 8.24424 4.93315 7.20248 4.24796 7.05412 9.13859       0 9.30644
3.32116 8.36335 8.63811  10.959 7.40971 3.51343 5.19001 6.08404 8.90187 6.51171 6.89958 5.71392 3.14156 7.51321 10.7883 9.11101 9.30644       0